0 5 83.07
0 4 95.69
0 2 23.35
0 3 91.89
0 1 94.27
0 6 20.73
1 11 14.49
1 10 12.07
2 16 88.41
2 17 50.68
3 15 14.03
3 8 18.76
4 10 36.61
4 9 65.05
4 8 33.83
5 7 12.20
6 26 94.26
6 25 51.93
7 16 8.90
8 28 8.11
9 14 29.56
9 12 10.31
9 13 44.94
10 19 32.41
11 17 28.56
12 20 18.32
13 51 51.49
13 50 49.06
13 49 113.85
14 22 33.99
15 25 30.74
16 18 11.06
17 21 155.66
18 79 9.11
19 35 24.40
20 23 26.91
21 29 15.99
21 30 46.15
22 24 30.99
23 39 24.91
24 34 31.48
25 53 28.23
26 27 6.97
27 40 11.06
28 32 24.34
28 31 26.82
29 54 11.10
30 60 22.54
30 59 85.19
30 46 49.31
31 41 22.65
32 33 17.96
33 36 9.95
34 92 26.28
35 38 7.82
35 37 50.81
36 41 35.79
37 42 91.49
37 43 46.18
38 62 50.68
39 63 26.92
40 5 8.48
41 48 15.42
42 96 73.86
43 44 113.91
43 45 21.51
44 74 80.01
45 47 134.64
45 46 44.16
46 76 218.24
47 61 87.66
48 85 9.62
48 84 37.91
49 67 47.28
49 65 47.83
49 66 138.75
50 52 26.77
51 83 30.66
52 55 36.52
53 80 86.80
54 56 11.05
55 57 107.16
55 58 48.86
56 73 13.61
56 72 89.29
57 81 79.13
57 82 39.49
58 71 56.07
58 69 12.87
58 70 30.16
59 91 43.61
59 90 125.87
60 86 33.35
61 76 44.92
61 78 21.62
61 77 41.65
62 64 43.90
63 69 28.55
64 68 31.42
65 81 46.78
65 98 138.89
66 97 49.24
66 98 51.96
66 99 47.43
73 75 11.06
76 90 52.43
77 95 86.98
77 93 216.03
77 94 43.07
78 88 115.29
78 89 24.40
79 29 7.23
85 87 161.08
90 95 40.79